    1    0.218438
    2    0.232387
    3    0.380145
    4    0.300653
    5    0.474568
    6    0.396629
    7    0.468595
    8    0.195913
    9    0.303204
   10    0.578054
   11    0.316587
   12    0.274502
   13    0.337380
   14    0.498268
   15    0.485726
   16    0.364431
   17    0.483784
   18    0.450658
   19    0.410285
   20    0.313517
   21    0.428350
   22    0.421353
   23    0.244368
   24    0.275121
   25    0.313032
   26    0.369458
   27    0.371713
   28    0.415621
   29    0.466168
   30    0.543165
   31    0.580692
   32    0.492422
   33    0.537869
   34    0.592208
   35    0.536527
   36    0.355804
   37    0.251046
   38    0.204988
   39    0.373788
   40    0.215491
   41    0.560217
   42    0.338574
   43    0.309528
   44    0.442993
   45    0.193698
   46    0.270184
   47    0.423618
   48    0.431698
   49    0.484955
   50    0.403802
   51    0.456636
   52    0.549550
   53    0.639050
   54    0.388893
   55    0.576865
   56    0.412766
   57    0.622146
   58    0.400901
   59    0.292109
   60    0.436943
   61    0.432251
   62    0.270061
   63    0.336743
   64    0.464397
   65    0.571077
   66    0.239574
   67    0.343900
   68    0.476314
   69    0.228769
   70    0.492225
   71    0.118941
   72    0.241000
   73    0.127986
   74    0.326990
   75    0.504580
   76    0.477756
   77    0.471797
   78    0.504477
   79    0.618601
   80    0.402408
   81    0.302222
   82    0.145286
   83    0.246197
   84    0.462791
   85    0.456806
   86    0.289434
   87    0.483341
   88    0.682091
   89    0.777334
   90    0.540785
   91    0.587194
   92    0.502781
   93    0.319308
   94    0.483811
   95    0.445857
   96    0.203314
   97    0.284634
   98    0.288830
   99    0.104797
  100    0.386084
  101    0.257155
  102    0.444282
  103    0.409922
  104    0.508069
  105    0.447595
  106    0.522356
  107    0.556830
  108    0.583766
  109    0.638566
  110    0.597409
  111    0.416934
  112    0.401846
  113    0.229859
  114    0.154590
  115    0.311699
  116    0.135439
  117    0.140424
  118    0.056925
  119    0.045876
  120    0.142107
  121    0.208628
  122    0.285840
  123    0.295797
  124    0.259429
  125    0.164772
  126    0.461195
  127    0.418548
  128    0.497427
  129    0.416102
  130    0.152689
  131    0.084165
  132    0.171652
