    1    0.059590
    2    0.089363
    3    0.112217
    4    0.147251
    5    0.185850
    6    0.304279
    7    0.501618
    8    0.429226
    9    0.375637
   10    0.289591
   11    0.322966
   12    0.364368
   13    0.388487
   14    0.546839
   15    0.252477
   16    0.627314
   17    0.813944
   18    0.365409
   19    0.391725
   20    0.452332
   21    0.263960
   22    0.314594
   23    0.504769
   24    0.439690
   25    0.609276
   26    0.164611
   27    0.348097
   28    0.341120
   29    0.290781
   30    0.434685
   31    0.409312
   32    0.632663
   33    0.644069
   34    0.480792
   35    0.474068
   36    0.480668
   37    0.441796
   38    0.369628
   39    0.223324
   40    0.145304
   41    0.303102
   42    0.172270
   43    0.273600
   44    0.564899
   45    0.371063
   46    0.222258
   47    0.369521
   48    0.258570
   49    0.355927
   50    0.409623
   51    0.473559
   52    0.502596
   53    0.521794
   54    0.505081
   55    0.507578
   56    0.607051
   57    0.337696
   58    0.629200
   59    0.441575
   60    0.450364
   61    0.296936
   62    0.310673
   63    0.479801
   64    0.341214
   65    0.310316
   66    0.352863
   67    0.438676
   68    0.457124
   69    0.369685
   70    0.360202
   71    0.497020
   72    0.326611
   73    0.601704
   74    0.180505
   75    0.225688
   76    0.119226
   77    0.295627
   78    0.308911
   79    0.379202
   80    0.351310
   81    0.426287
   82    0.451420
   83    0.412144
   84    0.264849
   85    0.130874
   86    0.193582
   87    0.239506
   88    0.240422
   89    0.412760
   90    0.166529
   91    0.280990
   92    0.598268
   93    0.452564
   94    0.618515
   95    0.545537
   96    0.437273
   97    0.403407
   98    0.465438
   99    0.464318
  100    0.406418
  101    0.224316
  102    0.610802
  103    0.510311
  104    0.432773
  105    0.517865
  106    0.510798
  107    0.492875
  108    0.637510
  109    0.581298
  110    0.572941
  111    0.451899
  112    0.420169
  113    0.655299
  114    0.458759
  115    0.511536
  116    0.261101
  117    0.210581
  118    0.366939
  119    0.355276
  120    0.246735
  121    0.158274
  122    0.187667
  123    0.178421
  124    0.143195
  125    0.200628
  126    0.012482
  127    0.024252
  128    0.108945
  129    0.139777
  130    0.290096
  131    0.312196
  132    0.263228
  133    0.309843
  134    0.407471
  135    0.275003
  136    0.278991
  137    0.534211
  138    0.136120
  139    0.157260
  140    0.273765
